{
 "cells": [
  {
   "cell_type": "code",
   "execution_count": 1,
   "metadata": {},
   "outputs": [],
   "source": [
    "from src.model.markowitz.preprocess_data import *\n",
    "from src.model.markowitz.create_model import *\n",
    "from pyomo.environ import *\n",
    "\n",
    "# Step 1: Preprocess data\n",
    "file_path = 'C:/Users/j.rodriguez.villegas/Documents/optimization/01_data/configuration_file.xlsx'\n",
    "sheet_name = 'Historical_data'\n",
    "df = read_data(file_path, sheet_name)\n",
    "pivot_table = pivot_data(df, \"Date\", \"Asset\", \"ROI\")\n",
    "covariance_matrix = calculate_covariance_matrix(pivot_table)\n",
    "correlation_matrix = calculate_correlation_matrix(pivot_table)\n",
    "expected_return_data = calculate_expected_returns(df)"
   ]
  },
  {
   "cell_type": "code",
   "execution_count": 5,
   "metadata": {},
   "outputs": [
    {
     "data": {
      "text/html": [
       "<div>\n",
       "<style scoped>\n",
       "    .dataframe tbody tr th:only-of-type {\n",
       "        vertical-align: middle;\n",
       "    }\n",
       "\n",
       "    .dataframe tbody tr th {\n",
       "        vertical-align: top;\n",
       "    }\n",
       "\n",
       "    .dataframe thead th {\n",
       "        text-align: right;\n",
       "    }\n",
       "</style>\n",
       "<table border=\"1\" class=\"dataframe\">\n",
       "  <thead>\n",
       "    <tr style=\"text-align: right;\">\n",
       "      <th>Asset</th>\n",
       "      <th>AAPL</th>\n",
       "      <th>ACN</th>\n",
       "      <th>AMZN</th>\n",
       "      <th>CRM</th>\n",
       "      <th>GOOG</th>\n",
       "      <th>JNJ</th>\n",
       "      <th>JPM</th>\n",
       "      <th>KO</th>\n",
       "      <th>KR</th>\n",
       "      <th>MCD</th>\n",
       "      <th>META</th>\n",
       "      <th>MSFT</th>\n",
       "      <th>PFE</th>\n",
       "      <th>SLB</th>\n",
       "      <th>TIP</th>\n",
       "      <th>TSLA</th>\n",
       "      <th>V</th>\n",
       "    </tr>\n",
       "    <tr>\n",
       "      <th>Asset</th>\n",
       "      <th></th>\n",
       "      <th></th>\n",
       "      <th></th>\n",
       "      <th></th>\n",
       "      <th></th>\n",
       "      <th></th>\n",
       "      <th></th>\n",
       "      <th></th>\n",
       "      <th></th>\n",
       "      <th></th>\n",
       "      <th></th>\n",
       "      <th></th>\n",
       "      <th></th>\n",
       "      <th></th>\n",
       "      <th></th>\n",
       "      <th></th>\n",
       "      <th></th>\n",
       "    </tr>\n",
       "  </thead>\n",
       "  <tbody>\n",
       "    <tr>\n",
       "      <th>AAPL</th>\n",
       "      <td>0.007659</td>\n",
       "      <td>0.004612</td>\n",
       "      <td>0.003672</td>\n",
       "      <td>0.003479</td>\n",
       "      <td>0.002596</td>\n",
       "      <td>0.003846</td>\n",
       "      <td>0.004132</td>\n",
       "      <td>0.004234</td>\n",
       "      <td>0.003158</td>\n",
       "      <td>0.004080</td>\n",
       "      <td>0.002544</td>\n",
       "      <td>0.004667</td>\n",
       "      <td>0.004460</td>\n",
       "      <td>0.005903</td>\n",
       "      <td>0.002480</td>\n",
       "      <td>0.007668</td>\n",
       "      <td>0.002858</td>\n",
       "    </tr>\n",
       "    <tr>\n",
       "      <th>ACN</th>\n",
       "      <td>0.004612</td>\n",
       "      <td>0.005491</td>\n",
       "      <td>0.002514</td>\n",
       "      <td>0.002573</td>\n",
       "      <td>0.002519</td>\n",
       "      <td>0.003889</td>\n",
       "      <td>0.004782</td>\n",
       "      <td>0.004654</td>\n",
       "      <td>0.003157</td>\n",
       "      <td>0.004501</td>\n",
       "      <td>0.002384</td>\n",
       "      <td>0.004257</td>\n",
       "      <td>0.005211</td>\n",
       "      <td>0.005971</td>\n",
       "      <td>0.002630</td>\n",
       "      <td>0.004590</td>\n",
       "      <td>0.002750</td>\n",
       "    </tr>\n",
       "    <tr>\n",
       "      <th>AMZN</th>\n",
       "      <td>0.003672</td>\n",
       "      <td>0.002514</td>\n",
       "      <td>0.008428</td>\n",
       "      <td>0.004755</td>\n",
       "      <td>0.004231</td>\n",
       "      <td>0.000228</td>\n",
       "      <td>0.000637</td>\n",
       "      <td>-0.000223</td>\n",
       "      <td>0.000867</td>\n",
       "      <td>0.000577</td>\n",
       "      <td>0.003973</td>\n",
       "      <td>0.002858</td>\n",
       "      <td>0.000369</td>\n",
       "      <td>0.000973</td>\n",
       "      <td>-0.000138</td>\n",
       "      <td>0.006898</td>\n",
       "      <td>0.002397</td>\n",
       "    </tr>\n",
       "    <tr>\n",
       "      <th>CRM</th>\n",
       "      <td>0.003479</td>\n",
       "      <td>0.002573</td>\n",
       "      <td>0.004755</td>\n",
       "      <td>0.007268</td>\n",
       "      <td>0.003665</td>\n",
       "      <td>0.000530</td>\n",
       "      <td>0.001576</td>\n",
       "      <td>0.000567</td>\n",
       "      <td>0.000890</td>\n",
       "      <td>0.001332</td>\n",
       "      <td>0.003894</td>\n",
       "      <td>0.002865</td>\n",
       "      <td>0.000484</td>\n",
       "      <td>0.002348</td>\n",
       "      <td>0.000335</td>\n",
       "      <td>0.008793</td>\n",
       "      <td>0.002656</td>\n",
       "    </tr>\n",
       "    <tr>\n",
       "      <th>GOOG</th>\n",
       "      <td>0.002596</td>\n",
       "      <td>0.002519</td>\n",
       "      <td>0.004231</td>\n",
       "      <td>0.003665</td>\n",
       "      <td>0.004888</td>\n",
       "      <td>0.000693</td>\n",
       "      <td>0.001530</td>\n",
       "      <td>0.000987</td>\n",
       "      <td>0.001014</td>\n",
       "      <td>0.001046</td>\n",
       "      <td>0.003615</td>\n",
       "      <td>0.002595</td>\n",
       "      <td>0.000916</td>\n",
       "      <td>0.002328</td>\n",
       "      <td>0.000246</td>\n",
       "      <td>0.004561</td>\n",
       "      <td>0.002088</td>\n",
       "    </tr>\n",
       "    <tr>\n",
       "      <th>JNJ</th>\n",
       "      <td>0.003846</td>\n",
       "      <td>0.003889</td>\n",
       "      <td>0.000228</td>\n",
       "      <td>0.000530</td>\n",
       "      <td>0.000693</td>\n",
       "      <td>0.005989</td>\n",
       "      <td>0.005323</td>\n",
       "      <td>0.006159</td>\n",
       "      <td>0.003722</td>\n",
       "      <td>0.005370</td>\n",
       "      <td>0.000188</td>\n",
       "      <td>0.003986</td>\n",
       "      <td>0.006732</td>\n",
       "      <td>0.007259</td>\n",
       "      <td>0.003626</td>\n",
       "      <td>0.002193</td>\n",
       "      <td>0.001883</td>\n",
       "    </tr>\n",
       "    <tr>\n",
       "      <th>JPM</th>\n",
       "      <td>0.004132</td>\n",
       "      <td>0.004782</td>\n",
       "      <td>0.000637</td>\n",
       "      <td>0.001576</td>\n",
       "      <td>0.001530</td>\n",
       "      <td>0.005323</td>\n",
       "      <td>0.008328</td>\n",
       "      <td>0.006248</td>\n",
       "      <td>0.003497</td>\n",
       "      <td>0.005490</td>\n",
       "      <td>0.001010</td>\n",
       "      <td>0.004422</td>\n",
       "      <td>0.006679</td>\n",
       "      <td>0.010297</td>\n",
       "      <td>0.003760</td>\n",
       "      <td>0.002955</td>\n",
       "      <td>0.002657</td>\n",
       "    </tr>\n",
       "    <tr>\n",
       "      <th>KO</th>\n",
       "      <td>0.004234</td>\n",
       "      <td>0.004654</td>\n",
       "      <td>-0.000223</td>\n",
       "      <td>0.000567</td>\n",
       "      <td>0.000987</td>\n",
       "      <td>0.006159</td>\n",
       "      <td>0.006248</td>\n",
       "      <td>0.008010</td>\n",
       "      <td>0.004120</td>\n",
       "      <td>0.006456</td>\n",
       "      <td>0.000263</td>\n",
       "      <td>0.004467</td>\n",
       "      <td>0.007351</td>\n",
       "      <td>0.008498</td>\n",
       "      <td>0.004493</td>\n",
       "      <td>0.002061</td>\n",
       "      <td>0.002372</td>\n",
       "    </tr>\n",
       "    <tr>\n",
       "      <th>KR</th>\n",
       "      <td>0.003158</td>\n",
       "      <td>0.003157</td>\n",
       "      <td>0.000867</td>\n",
       "      <td>0.000890</td>\n",
       "      <td>0.001014</td>\n",
       "      <td>0.003722</td>\n",
       "      <td>0.003497</td>\n",
       "      <td>0.004120</td>\n",
       "      <td>0.007035</td>\n",
       "      <td>0.003513</td>\n",
       "      <td>0.000746</td>\n",
       "      <td>0.002803</td>\n",
       "      <td>0.004712</td>\n",
       "      <td>0.004842</td>\n",
       "      <td>0.002700</td>\n",
       "      <td>0.001992</td>\n",
       "      <td>0.001202</td>\n",
       "    </tr>\n",
       "    <tr>\n",
       "      <th>MCD</th>\n",
       "      <td>0.004080</td>\n",
       "      <td>0.004501</td>\n",
       "      <td>0.000577</td>\n",
       "      <td>0.001332</td>\n",
       "      <td>0.001046</td>\n",
       "      <td>0.005370</td>\n",
       "      <td>0.005490</td>\n",
       "      <td>0.006456</td>\n",
       "      <td>0.003513</td>\n",
       "      <td>0.006420</td>\n",
       "      <td>0.000528</td>\n",
       "      <td>0.004224</td>\n",
       "      <td>0.006529</td>\n",
       "      <td>0.007072</td>\n",
       "      <td>0.003744</td>\n",
       "      <td>0.002785</td>\n",
       "      <td>0.002369</td>\n",
       "    </tr>\n",
       "    <tr>\n",
       "      <th>META</th>\n",
       "      <td>0.002544</td>\n",
       "      <td>0.002384</td>\n",
       "      <td>0.003973</td>\n",
       "      <td>0.003894</td>\n",
       "      <td>0.003615</td>\n",
       "      <td>0.000188</td>\n",
       "      <td>0.001010</td>\n",
       "      <td>0.000263</td>\n",
       "      <td>0.000746</td>\n",
       "      <td>0.000528</td>\n",
       "      <td>0.009749</td>\n",
       "      <td>0.002155</td>\n",
       "      <td>0.000183</td>\n",
       "      <td>0.001390</td>\n",
       "      <td>0.000178</td>\n",
       "      <td>0.006281</td>\n",
       "      <td>0.002039</td>\n",
       "    </tr>\n",
       "    <tr>\n",
       "      <th>MSFT</th>\n",
       "      <td>0.004667</td>\n",
       "      <td>0.004257</td>\n",
       "      <td>0.002858</td>\n",
       "      <td>0.002865</td>\n",
       "      <td>0.002595</td>\n",
       "      <td>0.003986</td>\n",
       "      <td>0.004422</td>\n",
       "      <td>0.004467</td>\n",
       "      <td>0.002803</td>\n",
       "      <td>0.004224</td>\n",
       "      <td>0.002155</td>\n",
       "      <td>0.005596</td>\n",
       "      <td>0.004726</td>\n",
       "      <td>0.005059</td>\n",
       "      <td>0.002577</td>\n",
       "      <td>0.004754</td>\n",
       "      <td>0.002238</td>\n",
       "    </tr>\n",
       "    <tr>\n",
       "      <th>PFE</th>\n",
       "      <td>0.004460</td>\n",
       "      <td>0.005211</td>\n",
       "      <td>0.000369</td>\n",
       "      <td>0.000484</td>\n",
       "      <td>0.000916</td>\n",
       "      <td>0.006732</td>\n",
       "      <td>0.006679</td>\n",
       "      <td>0.007351</td>\n",
       "      <td>0.004712</td>\n",
       "      <td>0.006529</td>\n",
       "      <td>0.000183</td>\n",
       "      <td>0.004726</td>\n",
       "      <td>0.010079</td>\n",
       "      <td>0.008464</td>\n",
       "      <td>0.004620</td>\n",
       "      <td>0.001809</td>\n",
       "      <td>0.001989</td>\n",
       "    </tr>\n",
       "    <tr>\n",
       "      <th>SLB</th>\n",
       "      <td>0.005903</td>\n",
       "      <td>0.005971</td>\n",
       "      <td>0.000973</td>\n",
       "      <td>0.002348</td>\n",
       "      <td>0.002328</td>\n",
       "      <td>0.007259</td>\n",
       "      <td>0.010297</td>\n",
       "      <td>0.008498</td>\n",
       "      <td>0.004842</td>\n",
       "      <td>0.007072</td>\n",
       "      <td>0.001390</td>\n",
       "      <td>0.005059</td>\n",
       "      <td>0.008464</td>\n",
       "      <td>0.019431</td>\n",
       "      <td>0.004994</td>\n",
       "      <td>0.005423</td>\n",
       "      <td>0.004282</td>\n",
       "    </tr>\n",
       "    <tr>\n",
       "      <th>TIP</th>\n",
       "      <td>0.002480</td>\n",
       "      <td>0.002630</td>\n",
       "      <td>-0.000138</td>\n",
       "      <td>0.000335</td>\n",
       "      <td>0.000246</td>\n",
       "      <td>0.003626</td>\n",
       "      <td>0.003760</td>\n",
       "      <td>0.004493</td>\n",
       "      <td>0.002700</td>\n",
       "      <td>0.003744</td>\n",
       "      <td>0.000178</td>\n",
       "      <td>0.002577</td>\n",
       "      <td>0.004620</td>\n",
       "      <td>0.004994</td>\n",
       "      <td>0.003346</td>\n",
       "      <td>0.001104</td>\n",
       "      <td>0.001049</td>\n",
       "    </tr>\n",
       "  </tbody>\n",
       "</table>\n",
       "</div>"
      ],
      "text/plain": [
       "Asset      AAPL       ACN      AMZN       CRM      GOOG       JNJ       JPM  \\\n",
       "Asset                                                                         \n",
       "AAPL   0.007659  0.004612  0.003672  0.003479  0.002596  0.003846  0.004132   \n",
       "ACN    0.004612  0.005491  0.002514  0.002573  0.002519  0.003889  0.004782   \n",
       "AMZN   0.003672  0.002514  0.008428  0.004755  0.004231  0.000228  0.000637   \n",
       "CRM    0.003479  0.002573  0.004755  0.007268  0.003665  0.000530  0.001576   \n",
       "GOOG   0.002596  0.002519  0.004231  0.003665  0.004888  0.000693  0.001530   \n",
       "JNJ    0.003846  0.003889  0.000228  0.000530  0.000693  0.005989  0.005323   \n",
       "JPM    0.004132  0.004782  0.000637  0.001576  0.001530  0.005323  0.008328   \n",
       "KO     0.004234  0.004654 -0.000223  0.000567  0.000987  0.006159  0.006248   \n",
       "KR     0.003158  0.003157  0.000867  0.000890  0.001014  0.003722  0.003497   \n",
       "MCD    0.004080  0.004501  0.000577  0.001332  0.001046  0.005370  0.005490   \n",
       "META   0.002544  0.002384  0.003973  0.003894  0.003615  0.000188  0.001010   \n",
       "MSFT   0.004667  0.004257  0.002858  0.002865  0.002595  0.003986  0.004422   \n",
       "PFE    0.004460  0.005211  0.000369  0.000484  0.000916  0.006732  0.006679   \n",
       "SLB    0.005903  0.005971  0.000973  0.002348  0.002328  0.007259  0.010297   \n",
       "TIP    0.002480  0.002630 -0.000138  0.000335  0.000246  0.003626  0.003760   \n",
       "\n",
       "Asset        KO        KR       MCD      META      MSFT       PFE       SLB  \\\n",
       "Asset                                                                         \n",
       "AAPL   0.004234  0.003158  0.004080  0.002544  0.004667  0.004460  0.005903   \n",
       "ACN    0.004654  0.003157  0.004501  0.002384  0.004257  0.005211  0.005971   \n",
       "AMZN  -0.000223  0.000867  0.000577  0.003973  0.002858  0.000369  0.000973   \n",
       "CRM    0.000567  0.000890  0.001332  0.003894  0.002865  0.000484  0.002348   \n",
       "GOOG   0.000987  0.001014  0.001046  0.003615  0.002595  0.000916  0.002328   \n",
       "JNJ    0.006159  0.003722  0.005370  0.000188  0.003986  0.006732  0.007259   \n",
       "JPM    0.006248  0.003497  0.005490  0.001010  0.004422  0.006679  0.010297   \n",
       "KO     0.008010  0.004120  0.006456  0.000263  0.004467  0.007351  0.008498   \n",
       "KR     0.004120  0.007035  0.003513  0.000746  0.002803  0.004712  0.004842   \n",
       "MCD    0.006456  0.003513  0.006420  0.000528  0.004224  0.006529  0.007072   \n",
       "META   0.000263  0.000746  0.000528  0.009749  0.002155  0.000183  0.001390   \n",
       "MSFT   0.004467  0.002803  0.004224  0.002155  0.005596  0.004726  0.005059   \n",
       "PFE    0.007351  0.004712  0.006529  0.000183  0.004726  0.010079  0.008464   \n",
       "SLB    0.008498  0.004842  0.007072  0.001390  0.005059  0.008464  0.019431   \n",
       "TIP    0.004493  0.002700  0.003744  0.000178  0.002577  0.004620  0.004994   \n",
       "\n",
       "Asset       TIP      TSLA         V  \n",
       "Asset                                \n",
       "AAPL   0.002480  0.007668  0.002858  \n",
       "ACN    0.002630  0.004590  0.002750  \n",
       "AMZN  -0.000138  0.006898  0.002397  \n",
       "CRM    0.000335  0.008793  0.002656  \n",
       "GOOG   0.000246  0.004561  0.002088  \n",
       "JNJ    0.003626  0.002193  0.001883  \n",
       "JPM    0.003760  0.002955  0.002657  \n",
       "KO     0.004493  0.002061  0.002372  \n",
       "KR     0.002700  0.001992  0.001202  \n",
       "MCD    0.003744  0.002785  0.002369  \n",
       "META   0.000178  0.006281  0.002039  \n",
       "MSFT   0.002577  0.004754  0.002238  \n",
       "PFE    0.004620  0.001809  0.001989  \n",
       "SLB    0.004994  0.005423  0.004282  \n",
       "TIP    0.003346  0.001104  0.001049  "
      ]
     },
     "execution_count": 5,
     "metadata": {},
     "output_type": "execute_result"
    }
   ],
   "source": [
    "covariance_matrix.head(15)"
   ]
  },
  {
   "cell_type": "code",
   "execution_count": 3,
   "metadata": {},
   "outputs": [
    {
     "name": "stdout",
     "output_type": "stream",
     "text": [
      "   Asset  Mean (average) ROI\n",
      "0   AAPL           -0.032118\n",
      "1    ACN           -0.062954\n",
      "2   AMZN            0.021541\n",
      "3    CRM            0.015987\n",
      "4   GOOG            0.018026\n",
      "5    JNJ           -0.120664\n",
      "6    JPM           -0.123991\n",
      "7     KO           -0.136192\n",
      "8     KR           -0.086542\n",
      "9    MCD           -0.105444\n",
      "10  META            0.019739\n",
      "11  MSFT           -0.046636\n",
      "12   PFE           -0.163661\n",
      "13   SLB           -0.122818\n",
      "14   TIP           -0.141749\n",
      "15  TSLA            0.035461\n",
      "16     V           -0.021103\n"
     ]
    }
   ],
   "source": [
    "print(expected_return_data)"
   ]
  }
 ],
 "metadata": {
  "kernelspec": {
   "display_name": "base",
   "language": "python",
   "name": "python3"
  },
  "language_info": {
   "codemirror_mode": {
    "name": "ipython",
    "version": 3
   },
   "file_extension": ".py",
   "mimetype": "text/x-python",
   "name": "python",
   "nbconvert_exporter": "python",
   "pygments_lexer": "ipython3",
   "version": "3.9.12"
  },
  "orig_nbformat": 4
 },
 "nbformat": 4,
 "nbformat_minor": 2
}
